68 399
97 399
253 297
280 297
319 397
160 198
136 198
161 198
365 397
395 397
146 198
192 198
56 399
23 399
178 198
357 397
109 198
379 397
323 397
26 399
39 399
329 397
98 399
104 198
5 399
241 297
362 397
263 297
300 397
209 297
251 297
110 198
135 198
206 297
195 198
305 397
2 399
141 198
377 397
282 297
44 399
128 198
168 198
163 198
347 397
248 297
173 198
211 297
351 397
322 397
271 297
64 399
289 297
55 399
294 297
335 397
77 399
270 297
27 399
102 198
166 198
276 297
199 198
203 297
311 397
328 397
107 198
37 399
8 399
59 399
185 198
73 399
54 399
227 297
341 397
31 399
140 198
80 399
164 198
17 399
148 198
213 297
179 198
172 198
162 198
363 397
214 297
293 297
36 399
134 198
84 399
145 198
45 399
7 399
358 397
51 399
223 297
154 198
283 297
387 397
156 198
388 397
40 399
342 397
296 297
230 297
106 198
198 198
189 198
117 198
42 399
76 399
186 198
392 397
137 198
236 297
1 399
152 198
74 399
139 198
126 198
99 399
332 397
228 297
314 397
6 399
274 297
353 397
257 297
334 397
125 198
264 297
11 399
246 297
399 397
101 198
175 198
194 198
129 198
262 297
290 297
50 399
124 198
247 297
243 297
176 198
167 198
13 399
343 397
277 297
393 397
324 397
308 397
254 297
316 397
155 198
240 297
113 198
14 399
147 198
279 297
81 399
41 399
180 198
30 399
382 397
34 399
174 198
386 397
112 198
94 399
302 397
208 297
67 399
225 297
151 198
92 399
69 399
309 397
62 399
242 297
235 297
217 297
78 399
200 297
252 297
259 297
269 297
221 297
91 399
244 297
52 399
255 297
234 297
171 198
118 198
250 297
288 297
312 397
131 198
28 399
177 198
210 297
181 198
82 399
204 297
103 198
275 297
299 297
205 297
15 399
356 397
239 297
352 397
85 399
21 399
226 297
310 397
354 397
48 399
201 297
229 297
396 397
184 198
115 198
383 397
122 198
278 297
371 397
202 297
89 399
187 198
258 297
38 399
220 297
127 198
268 297
367 397
95 399
133 198
350 397
360 397
197 198
256 297
60 399
116 198
86 399
29 399
361 397
266 297
32 399
307 397
337 397
364 397
138 198
182 198
20 399
35 399
381 397
394 397
165 198
43 399
320 397
369 397
292 297
224 297
339 397
318 397
348 397
111 198
79 399
75 399
12 399
384 397
33 399
119 198
157 198
57 399
313 397
149 198
190 198
183 198
267 297
398 397
373 397
326 397
389 397
295 297
66 399
281 297
65 399
212 297
83 399
123 198
10 399
306 397
385 397
304 397
63 399
297 297
330 397
144 198
72 399
222 297
70 399
153 198
370 397
191 198
366 397
245 297
325 397
301 397
22 399
376 397
114 198
9 399
71 399
142 198
321 397
169 198
132 198
120 198
380 397
47 399
286 297
287 297
291 297
130 198
53 399
218 297
345 397
265 297
49 399
96 399
397 397
159 198
344 397
249 297
215 297
105 198
273 297
4 399
340 397
238 297
90 399
58 399
24 399
170 198
150 198
61 399
100 198
143 198
327 397
359 397
260 297
317 397
284 297
216 297
207 297
233 297
272 297
261 297
378 397
108 198
375 397
0 399
232 297
46 399
18 399
231 297
333 397
237 297
303 397
338 397
25 399
346 397
93 399
331 397
88 399
372 397
349 397
158 198
196 198
3 399
193 198
374 397
16 399
391 397
219 297
298 297
368 397
355 397
390 397
19 399
315 397
285 297
121 198
188 198
87 399
336 397
