1 128851
2 124281
3 125825
4 123790
5 113152
6 127469
7 111808
8 125233
9 108495
10 128881
11 123897
12 124501
13 126695
14 128332
15 124720
16 126906
17 126084
18 124383
19 112234
20 125029
21 112811
22 124405
23 109391
24 112902
25 123918
26 111444
27 110938
28 119999
29 122945
30 110567
31 130728
32 127290
33 126640
34 111161
35 121371
36 124660
37 124472
38 127957
39 124960
40 129826
41 127991
42 112898
43 125144
44 126794
45 124773
46 124015
47 127109
48 126938
49 124212
50 126070
51 121305
52 127271
53 129484
54 122338
55 122183
56 128613
57 126048
58 120479
59 126665
60 112554
61 125426
62 110722
63 113085
64 119052
65 126976
66 124302
67 127256
68 125421
69 124824
70 119852
71 125019
72 110917
73 119385
74 126579
75 119986
76 121733
77 127160
78 129909
79 124395
80 112756
81 124931
82 123804
83 111548
84 126059
85 113493
86 127216
87 126114
88 123426
89 126807
90 126029
91 112843
92 119905
93 112651
94 125321
95 113347
96 122063
97 111008
98 113741
99 112381
100 129405
101 123391
102 124434
103 121637
104 113490
105 127848
106 110358
107 124358
108 127077
109 113311
110 124623
111 119837
112 124727
113 123123
114 123367
115 113290
116 124119
117 126577
118 122494
119 126821
120 126878
121 125883
122 127090
123 127661
124 112892
125 112737
126 123921
127 126789
128 126738
129 125884
130 126205
131 122465
132 119310
133 110993
134 127489
135 125946
136 110545
137 120804
138 125603
139 125832
140 125632
141 112556
142 112553
143 125733
144 111807
145 112276
146 124067
147 109978
148 129090
149 125648
150 125451
151 126633
152 126870
153 128733
154 127640
155 121882
156 125604
157 126045
158 123948
159 112397
160 119911
161 126603
162 112954
163 126214
164 126838
165 125045
166 121989
167 126324
168 108808
169 126108
170 127625
171 126814
172 127066
173 126265
174 111800
175 112044
176 119591
177 111709
178 111475
179 110423
180 125836
181 126988
182 112694
183 112825
184 126261
185 126071
186 125899
187 126335
188 125151
189 113535
190 113186
191 125762
192 124120
193 127082
194 129756
195 125364
196 112926
197 120978
198 121737
199 128127
200 124654
201 118757
202 127678
203 124015
204 128145
205 125643
206 127002
207 125326
208 127764
209 120152
210 112340
211 124346
212 112644
213 126114
214 112412
215 124249
216 126039
217 120973
218 127013
219 124401
220 126874
221 125004
222 126806
223 124693
224 120648
225 112521
226 126350
227 125838
228 125380
229 126053
230 119308
231 124105
232 119930
233 125888
234 125395
235 124073
236 122473
237 127039
238 126007
239 124624
240 127288
241 123519
242 121533
243 123374
244 113192
245 112920
246 113342
247 126005
248 111348
249 126657
250 126714
251 108671
252 112411
253 126119
254 126552
255 124485
256 117886
257 123943
258 123235
259 110339
260 126525
261 120954
262 127184
263 126623
264 129408
265 124903
266 110339
267 110737
268 123841
269 124727
270 112977
271 126276
272 125411
273 120436
274 113318
275 125962
276 127010
277 124362
278 121560
279 127173
280 116237
281 124547
282 126216
283 113609
284 125780
285 123223
286 124342
287 125156
288 124584
289 124897
290 112608
291 125024
292 125237
293 111614
294 123767
295 112376
296 125519
297 125065
298 110998
299 127153
300 125422
301 110999
302 125237
303 125780
304 124727
305 110910
306 120000
307 125780
308 120001
309 124501
310 125782
311 124485
312 112926
313 127661
314 126870
315 112276
316 124824
317 119837
318 110910
319 124485
320 112926
321 127661
322 125643
323 119837
324 118757
325 124485
326 112926
327 124824
328 124633
329 126906
330 123948
331 124485
332 112926
333 124643
334 124824
335 124727
336 124485
337 112926
338 129906
339 126900
340 118757
341 124485
342 112926
343 124824
344 126695
345 113318
346 120906
347 125799
348 126870
349 126799
350 126699
351 123799
352 125237
353 124485
354 112926
355 127661
356 123559
357 125906
358 123555
359 127643
360 128559
361 125559
362 119837
363 124824
364 124559
365 128558
366 123948
367 124485
368 112926
369 127558
370 127588
371 120006
372 111808
373 127957
374 128881
375 127077
376 111808
377 126814
378 124824
379 125814
380 125514
381 126643
382 126814
383 127661
384 126870
385 128881
386 125814
387 126814
388 120005
389 129643
390 126483
391 126635
392 129484
393 112276
394 126455
395 128881
396 126485
397 125555
398 124824
399 124727
400 124485
401 112926
402 127588
403 125585
404 119837
405 125485
406 127588
407 124485
408 112926
409 123948
410 127626
411 124485
412 124824
413 123948
414 127957
415 113356
416 126666
417 124824
418 125645
419 127588
420 126665
421 124485
422 127625
423 124485
424 112926
425 124824
426 127077
427 124485
428 125485
429 122945
430 125237
431 124485
432 112926
433 122947
434 111008
435 122545
436 128881
437 125237
438 124485
439 127661
440 122945
441 127626
442 124485
443 112926
444 125945
445 126870
446 126945
447 125545
448 118837
449 111008
450 125237
451 124485
452 122545
453	127077
454 112276
455 127628
456 124485
457 126324
458 125945
459 120001
460 124485
461 122345
462 125485
463 126485
464 124945
465 124485
466 123485
467 125945
468 119837
469 122945
470 123948
471 124485
472 126324
473 122945
474 112926
475 111808
476 124824
477 127588
478 111808
479 129484
480 118757
481 127626
482 128881
483 112926
484 111808
485 124825
486 124633
487 127957
488 112926
489 127588
490 124727
491 124476
492 129643
493 124653
494 112276
495 119837
496 125780
497 124430
498 112926
499 127661
500 126870
