100 -1
1008 -1
104 -1
1052 -1
108 -1
1088 -1
1100 -1
1120 -1
112 -1
116 -1
120 -1
1208 -1
12 -1
1232 -1
124 -1
128 -1
132 -1
136 -1
1392 -1
140 -1
1424 -1
144 -1
1476 -1
148 -1
1492 -1
1516 -1
152 -1
156 -1
160 -1
16 -1
164 -1
168 -1
172 -1
176 -1
180 -1
184 -1
188 -1
192 -1
196 -1
200 -1
20 -1
204 -1
208 -1
212 -1
216 -1
2184 -1
220 -1
224 -1
228 -1
232 -1
236 -1
240 -1
24 -1
244 -1
248 -1
252 -1
256 -1
260 -1
264 -1
268 -1
272 -1
276 -1
280 -1
28 -1
284 -1
288 -1
292 -1
296 -1
300 -1
304 -1
308 -1
312 -1
316 -1
320 -1
32 -1
324 -1
328 -1
332 -1
336 -1
340 -1
344 -1
348 -1
352 -1
356 -1
360 -1
36 -1
364 -1
368 -1
372 -1
376 -1
384 -1
388 -1
392 -1
396 -1
400 -1
40 -1
404 -1
408 -1
4 -1
412 -1
416 -1
424 -1
428 -1
432 -1
440 -1
44 -1
444 -1
448 -1
456 -1
460 -1
464 -1
468 -1
472 -1
476 -1
480 -1
48 -1
484 -1
496 -1
504 -1
508 -1
512 -1
520 -1
528 -1
532 -1
536 -1
540 -1
544 -1
548 -1
552 -1
556 -1
560 -1
56 -1
564 -1
568 -1
576 -1
580 -1
584 -1
592 -1
60 -1
620 -1
624 -1
632 -1
64 -1
644 -1
648 -1
652 -1
656 -1
660 -1
664 -1
668 -1
676 -1
680 -1
68 -1
696 -1
700 -1
712 -1
72 -1
724 -1
76 -1
772 -1
780 -1
796 -1
80 -1
804 -1
808 -1
8 -1
812 -1
816 -1
820 -1
836 -1
84 -1
852 -1
860 -1
872 -1
876 -1
892 -1
920 -1
92 -1
932 -1
936 -1
944 -1
952 -1
960 -1
96 -1
968 -1
996 -1
